%YAML:1.0
image_width: 1280
image_height: 720
camera_matrix: !!opencv-matrix
   rows: 3
   cols: 3
   dt: d
   data: [ 1.0666707864573348e+03, 0., 6.5771430991469470e+02, 0.,
       1.0793367618807488e+03, 4.4972883034817170e+02, 0., 0., 1. ]
distortion_coefficients: !!opencv-matrix
   rows: 1
   cols: 5
   dt: d
   data: [ 2.4817022954002246e-01, -7.6449812316147758e-01,
       3.9737040588823366e-02, 8.1999046294120512e-03,
       8.4857867249736285e-01 ]
