%YAML:1.0
---
image_width: 1920
image_height: 1080
camera_matrix: !!opencv-matrix
   rows: 3
   cols: 3
   dt: d
   data: [ 1.0639203529163797e+03, 0., 1.1549477163785391e+03, 0.,
       1.0239274946758877e+03, 5.6868447139494140e+02, 0., 0., 1. ]
distortion_coefficients: !!opencv-matrix
   rows: 1
   cols: 5
   dt: d
   data: [ -7.5195420199183349e-02, 4.8434785454600948e-02,
       -1.1954327431013673e-02, 1.8021225798606381e-02,
       -3.0699617301671853e-02 ]
